1 14.2
1 14.2
1 14.8
1 14.8
1 15.0
1 15.0
1 15.1
1 15.2
1 15.2
1 15.2
2 29.0
2 29.0
2 29.1
2 29.1
2 29.1
2 29.2
2 29.4
2 29.6
2 29.6
2 29.7
4 58.9
4 59.2
4 60.0
4 60.1
4 60.1
4 60.2
4 60.2
4 60.3
4 61.2
4 61.2
8 118.1
8 118.2
8 118.6
8 119.3
8 120.7
8 120.7
8 121.2
8 121.3
8 121.8
8 122.3
16 231.9
16 232.9
16 233.7
16 233.8
16 235.0
16 235.8
16 236.1
16 237.1
16 237.2
16 237.8
32 363.0
32 364.3
32 367.3
32 367.6
32 368.1
32 369.1
32 371.0
32 371.0
32 372.6
32 372.6
64 516.7
64 516.8
64 518.0
64 518.2
64 518.5
64 519.0
64 519.6
64 520.8
64 521.1
64 522.4
128 613.3
128 614.1
128 615.3
128 616.0
128 616.1
128 616.3
128 616.5
128 616.8
128 617.0
128 617.4
256 729.5
256 730.2
256 731.8
256 732.0
256 742.3
256 742.3
256 743.6
256 743.6
256 749.0
256 749.1
512 839.0
512 839.0
512 839.0
512 839.1
512 840.5
512 840.6
512 841.5
512 841.6
512 841.8
512 841.8
1024 907.3
1024 908.0
1024 908.4
1024 908.5
1024 908.9
1024 909.0
1024 910.4
1024 910.4
1024 911.0
1024 911.0
