1 177.5
1 178.0
1 201.7
1 201.7
1 216.8
1 217.0
1 219.8
1 220.2
1 237.0
1 237.4
2 385.7
2 385.9
2 415.3
2 415.6
2 464.9
2 465.5
2 475.7
2 476.3
2 481.0
2 481.3
4 1000.4
4 871.4
4 873.7
4 950.7
4 950.7
4 963.9
4 968.3
4 971.6
4 975.9
4 995.1
8 1470.1
8 1473.1
8 1536.8
8 1539.7
8 1558.6
8 1568.9
8 1592.3
8 1596.3
8 1607.7
8 1615.8
16 1951.3
16 1955.3
16 1968.7
16 1987.9
16 1994.0
16 1998.1
16 2049.0
16 2053.2
16 2054.1
16 2056.5
32 2024.6
32 2028.7
32 2056.0
32 2081.4
32 2185.2
32 2191.0
32 2216.0
32 2227.0
32 2303.9
32 2309.5
64 2100.6
64 2104.1
64 2137.4
64 2143.4
64 2145.7
64 2148.5
64 2210.4
64 2212.4
64 2309.4
64 2339.8
128 2043.5
128 2044.3
128 2046.9
128 2072.6
128 2097.3
128 2108.0
128 2110.8
128 2119.3
128 2171.7
128 2174.6
256 1776.2
256 1804.8
256 1855.0
256 1862.8
256 1979.5
256 1980.9
256 1994.3
256 2009.7
256 2095.0
256 2124.2
512 1944.0
512 1960.7
512 2037.8
512 2041.7
512 2069.0
512 2071.3
512 2077.5
512 2079.4
512 2092.5
512 2110.4
1024 1900.1
1024 1924.9
1024 1947.3
1024 1956.1
1024 1970.8
1024 1972.3
1024 2124.6
1024 2124.7
1024 2127.9
1024 2140.2
