timestamp rx_bytes tx_bytes
1556308900250 145251841487 145011465727
1556308900259 145251841487 145011465727
1556308900268 145251841487 145011465727
1556308900276 145251841487 145011465727
1556308900284 145251841487 145011465727
1556308900293 145251841487 145011465727
1556308900312 145251841487 145011465727
1556308900321 145251841487 145011465727
1556308900330 145251841487 145011465727
1556308900341 145251841487 145011465727
1556308900350 145251841487 145011465727
1556308900359 145251841487 145011465727
1556308900370 145251841487 145011465727
1556308900379 145251841487 145011465727
1556308900395 145251841487 145011465727
1556308900404 145251841487 145011465727
1556308900415 145251841487 145011465727
1556308900426 145251841487 145011465727
1556308900436 145251841487 145011465727
1556308900449 145251841487 145011465727
1556308900460 145251841487 145011465727
1556308900469 145251841487 145011465727
1556308900477 145251841487 145011465727
1556308900592 145251841487 145011465727
1556308900602 145251841487 145011465727
1556308900611 145251841487 145011465727
1556308900621 145251841487 145011465727
1556308900634 145251841487 145011465727
1556308900644 145251841487 145011465727
1556308900653 145251841487 145011465727
1556308900662 145251841487 145011465727
1556308900675 145251841487 145011465727
1556308900686 145251841487 145011465727
1556308900697 145251841487 145011465727
1556308900707 145251841487 145011465727
1556308900716 145251841487 145011465727
1556308900766 145251841487 145011465727
1556308900823 145251841487 145011465727
1556308900836 145251841487 145011465727
1556308900845 145251841487 145011465727
1556308900867 145251841487 145011465727
1556308900876 145251841487 145011465727
1556308900886 145251841487 145011465727
1556308900901 145251841487 145011465727
1556308900910 145251841487 145011465727
1556308900921 145251841487 145011465727
1556308900933 145251841487 145011465727
1556308900946 145251841487 145011465727
1556308900959 145251841487 145011465727
1556308900968 145251841487 145011465727
1556308900976 145251841487 145011465727
1556308900988 145251841487 145011465727
1556308900998 145251841487 145011465727
1556308901008 145251841487 145011465727
1556308901019 145251841487 145011465727
1556308901027 145251841487 145011465727
1556308901037 145251841487 145011465727
1556308901046 145251841487 145011465727
1556308901056 145251841487 145011465727
1556308901065 145251841487 145011465727
1556308901076 145251841487 145011465727
1556308901085 145251841487 145011465727
1556308901094 145251841487 145011465727
1556308901112 145251841487 145011465727
1556308901138 145251841487 145011465727
1556308901149 145251841487 145011465727
1556308901164 145251841487 145011465727
1556308901196 145251841487 145011465727
1556308901208 145251841487 145011465727
1556308901223 145251841487 145011465727
1556308901232 145251841487 145011465727
1556308901248 145251841487 145011465727
1556308901261 145251841487 145011465727
1556308901276 145251841487 145011465727
1556308901294 145251841487 145011465727
1556308901303 145251841487 145011465727
1556308901320 145251841487 145011465727
1556308901334 145251841487 145011465727
1556308901352 145251841487 145011465727
1556308901363 145251841487 145011465727
1556308901375 145251841487 145011465727
1556308901385 145251841487 145011465727
1556308901399 145251841487 145011465727
1556308901410 145251841487 145011465727
1556308901422 145251841487 145011465727
1556308901436 145251841487 145011465727
1556308901451 145251841487 145011465727
1556308901460 145251897865 145011505373
1556308901470 145251897865 145011505373
1556308901479 145251897865 145011505373
1556308901490 145251897865 145011505373
1556308901499 145251897865 145011505373
1556308901510 145251897865 145011505373
1556308901520 145251897865 145011505373
1556308901529 145251897865 145011505373
1556308901540 145251897865 145011505373
1556308901548 145251897865 145011505373
1556308901560 145251897865 145011505373
1556308901583 145251897865 145011505373
1556308901592 145251897865 145011505373
1556308901612 145251897865 145011505373
1556308901625 145251897865 145011505373
1556308901635 145251897865 145011505373
1556308901645 145251897865 145011505373
1556308901658 145251897865 145011505373
1556308901669 145251897865 145011505373
1556308901681 145251897865 145011505373
1556308901694 145251897865 145011505373
1556308901704 145251897865 145011505373
1556308901713 145251897865 145011505373
1556308901722 145251897865 145011505373
1556308901736 145251897865 145011505373
1556308901748 145251897865 145011505373
1556308901758 145251897865 145011505373
1556308901768 145251897865 145011505373
1556308901778 145251897865 145011505373
1556308901788 145251897865 145011505373
1556308901797 145251897865 145011505373
1556308901807 145251897865 145011505373
1556308901824 145251897865 145011505373
1556308901835 145251897865 145011505373
1556308901850 145251897865 145011505373
1556308901859 145251897865 145011505373
1556308901868 145251897865 145011505373
1556308901880 145251897865 145011505373
1556308901890 145251897865 145011505373
1556308901899 145251897865 145011505373
1556308901907 145251897865 145011505373
1556308901916 145251897865 145011505373
1556308901925 145251897865 145011505373
1556308901934 145251897865 145011505373
1556308901943 145251897865 145011505373
1556308901954 145251897865 145011505373
1556308901969 145251897865 145011505373
1556308901978 145251897865 145011505373
1556308901987 145251897865 145011505373
1556308901995 145251897865 145011505373
1556308902004 145251897865 145011505373
1556308902014 145251897865 145011505373
1556308902024 145251897865 145011505373
1556308902034 145251897865 145011505373
1556308902046 145251897865 145011505373
1556308902055 145251897865 145011505373
1556308902064 145251897865 145011505373
1556308902074 145251897865 145011505373
1556308902084 145251897865 145011505373
1556308902096 145251897865 145011505373
1556308902105 145251897865 145011505373
1556308902122 145251897865 145011505373
1556308902134 145251897865 145011505373
1556308902151 145251897865 145011505373
1556308902160 145251897865 145011505373
1556308902169 145251897865 145011505373
1556308902178 145251897865 145011505373
1556308902188 145251897865 145011505373
1556308902198 145251897865 145011505373
1556308902209 145251897865 145011505373
1556308902218 145251897865 145011505373
1556308902229 145251897865 145011505373
1556308902238 145251897865 145011505373
1556308902247 145251897865 145011505373
1556308902257 145251897865 145011505373
1556308902266 145251897865 145011505373
1556308902279 145251897865 145011505373
1556308902288 145251897865 145011505373
1556308902298 145251897865 145011505373
1556308902308 145251897865 145011505373
1556308902317 145251897865 145011505373
1556308902327 145251897865 145011505373
1556308902337 145251897865 145011505373
1556308902346 145251897865 145011505373
1556308902354 145251897865 145011505373
1556308902363 145251897865 145011505373
1556308902371 145251897865 145011505373
1556308902380 145251897865 145011505373
1556308902389 145251897865 145011505373
1556308902397 145251897865 145011505373
1556308902406 145251897865 145011505373
1556308902414 145251897865 145011505373
1556308902423 145251897865 145011505373
1556308902432 145251897865 145011505373
1556308902440 145251897865 145011505373
1556308902449 145251897865 145011505373
1556308902457 145251897865 145011505373
1556308902466 145251897865 145011505373
1556308902475 145251897865 145011505373
1556308902483 145251897865 145011505373
1556308902491 145251897865 145011505373
1556308902500 145251897865 145011505373
1556308902508 145251897865 145011505373
1556308902517 145251897865 145011505373
1556308902529 145251897865 145011505373
1556308902538 145251897865 145011505373
1556308902547 145251897865 145011505373
1556308902556 145251897865 145011505373
1556308902565 145251897865 145011505373
1556308902578 145251897865 145011505373
1556308902587 145251897865 145011505373
1556308902598 145251897865 145011505373
1556308902608 145251897865 145011505373
1556308902618 145251897865 145011505373
1556308902628 145251897865 145011505373
1556308902637 145251897865 145011505373
1556308902646 145251897865 145011505373
1556308902655 145251897865 145011505373
1556308902664 145251897865 145011505373
1556308902673 145251897865 145011505373
1556308902682 145251897865 145011505373
1556308902692 145251897865 145011505373
1556308902701 145251897865 145011505373
1556308902710 145251897865 145011505373
1556308902719 145251897865 145011505373
1556308902728 145251897865 145011505373
1556308902762 145251897865 145011505373
1556308902771 145251897865 145011505373
1556308902780 145251897865 145011505373
1556308902791 145251897865 145011505373
1556308902800 145251897865 145011505373
1556308902808 145251897865 145011505373
1556308902817 145251897865 145011505373
1556308902825 145251897865 145011505373
1556308902834 145251897865 145011505373
1556308902844 145251897865 145011505373
1556308902858 145251897865 145011505373
1556308902867 145251897865 145011505373
1556308902876 145251897865 145011505373
1556308902885 145251897865 145011505373
1556308902894 145251897865 145011505373
1556308902905 145251897865 145011505373
1556308902920 145251897865 145011505373
1556308902938 145251897865 145011505373
1556308902948 145251897865 145011505373
1556308902957 145251897865 145011505373
1556308902975 145251897865 145011505373
1556308902994 145251897865 145011505373
1556308903054 145251897865 145011505373
1556308903099 145251897865 145011505373
1556308903107 145251897865 145011505373
1556308903121 145251897865 145011505373
1556308903130 145251897865 145011505373
1556308903138 145251897865 145011505373
1556308903147 145251897865 145011505373
1556308903156 145251897865 145011505373
1556308903165 145251897865 145011505373
1556308903173 145251897865 145011505373
1556308903183 145251897865 145011505373
1556308903192 145251897865 145011505373
1556308903202 145251897865 145011505373
1556308903212 145251897865 145011505373
1556308903220 145251897865 145011505373
1556308903231 145251897865 145011505373
1556308903257 145251897865 145011505373
1556308903323 145251897865 145011505373
1556308903351 145251897865 145011505373
1556308903384 145251897865 145011505373
1556308903395 145251897865 145011505373
1556308903405 145251897865 145011505373
1556308903415 145251897865 145011505373
1556308903424 145251897865 145011505373
1556308903433 145251897865 145011505373
1556308903443 145251897865 145011505373
1556308903455 145251897865 145011505373
1556308903464 145251897929 145011505373
1556308903473 145251897929 145011505373
1556308903483 145251897929 145011505373
1556308903492 145251897929 145011505373
1556308903501 145251897929 145011505373
1556308903510 145251897929 145011505373
1556308903520 145251897929 145011505373
1556308903530 145251897929 145011505373
1556308903554 145251897929 145011505373
1556308903628 145251897929 145011505373
1556308903702 145251897929 145011505373
1556308903728 145251897929 145011505373
1556308903737 145251897929 145011505373
1556308903746 145251897929 145011505373
1556308903755 145251897929 145011505373
1556308903765 145251897929 145011505373
1556308903773 145251897929 145011505373
1556308903784 145251897929 145011505373
1556308903793 145251897929 145011505373
1556308903803 145251897929 145011505373
1556308903815 145251897929 145011505373
1556308903824 145251897929 145011505373
1556308903835 145251897929 145011505373
1556308903845 145251897929 145011505373
1556308903861 145251897929 145011505373
1556308903870 145251897929 145011505373
1556308903880 145251897929 145011505373
1556308903889 145251897929 145011505373
1556308903899 145251897929 145011505373
1556308903908 145251897929 145011505373
1556308903918 145251897929 145011505373
1556308903928 145251897929 145011505373
1556308903939 145251897929 145011505373
1556308903948 145251897929 145011505373
1556308903959 145251897929 145011505373
1556308903967 145251897929 145011505373
1556308903976 145251897929 145011505373
1556308903985 145251897929 145011505373
1556308903994 145251897929 145011505373
1556308904003 145251897929 145011505373
1556308904016 145251897929 145011505373
1556308904025 145251897929 145011505373
1556308904034 145251897929 145011505373
1556308904043 145251897929 145011505373
1556308904051 145251897929 145011505373
1556308904060 145251897929 145011505373
1556308904069 145251897929 145011505373
1556308904078 145251897929 145011505373
1556308904087 145251897929 145011505373
1556308904096 145251897929 145011505373
1556308904105 145251897929 145011505373
1556308904114 145251897929 145011505373
1556308904123 145251897929 145011505373
1556308904133 145251897929 145011505373
1556308904141 145251897929 145011505373
1556308904151 145251897929 145011505373
1556308904165 145251897929 145011505373
1556308904181 145251897929 145011505373
1556308904189 145251897929 145011505373
1556308904197 145251897929 145011505373
1556308904206 145251897929 145011505373
1556308904214 145251897929 145011505373
1556308904222 145251897929 145011505373
1556308904231 145251897929 145011505373
1556308904239 145251897929 145011505373
1556308904248 145251897929 145011505373
1556308904257 145251897929 145011505373
1556308904269 145251897929 145011505373
1556308904278 145251897929 145011505373
1556308904288 145251897929 145011505373
1556308904296 145251897929 145011505373
1556308904305 145251897929 145011505373
1556308904316 145251897929 145011505373
1556308904324 145251897929 145011505373
1556308904333 145251897929 145011505373
1556308904342 145251897929 145011505373
1556308904352 145251897929 145011505373
1556308904361 145251897929 145011505373
1556308904370 145251897929 145011505373
1556308904380 145251897929 145011505373
1556308904389 145251897929 145011505373
1556308904398 145251897929 145011505373
1556308904407 145251897929 145011505373
1556308904415 145251897929 145011505373
1556308904427 145251897929 145011505373
1556308904438 145251897929 145011505373
1556308904448 145251897929 145011505373
1556308904460 145251897993 145011505373
1556308904469 145251897993 145011505373
1556308904478 145251897993 145011505373
1556308904486 145251897993 145011505373
1556308904495 145251897993 145011505373
1556308904504 145251897993 145011505373
1556308904514 145251897993 145011505373
1556308904523 145251897993 145011505373
1556308904540 145251897993 145011505373
1556308904564 145251897993 145011505373
1556308904573 145251897993 145011505373
1556308904582 145251897993 145011505373
1556308904590 145251897993 145011505373
1556308904599 145251897993 145011505373
1556308904612 145251897993 145011505373
1556308904621 145251897993 145011505373
1556308904629 145251897993 145011505373
1556308904639 145251897993 145011505373
1556308904648 145251897993 145011505373
1556308904657 145251897993 145011505373
1556308904667 145251897993 145011505373
1556308904675 145251897993 145011505373
1556308904684 145251897993 145011505373
1556308904693 145251897993 145011505373
1556308904703 145251897993 145011505373
1556308904712 145251897993 145011505373
1556308904721 145251897993 145011505373
1556308904731 145251897993 145011505373
1556308904739 145251897993 145011505373
1556308904750 145251897993 145011505373
1556308904759 145251897993 145011505373
1556308904769 145251897993 145011505373
1556308904778 145251897993 145011505373
1556308904787 145251897993 145011505373
1556308904796 145251897993 145011505373
1556308904805 145251897993 145011505373
1556308904815 145251897993 145011505373
1556308904826 145251897993 145011505373
1556308904835 145251897993 145011505373
1556308904859 145251897993 145011505373
1556308904871 145251897993 145011505373
1556308904884 145251897993 145011505373
1556308904894 145251897993 145011505373
1556308904902 145251897993 145011505373
1556308904912 145251897993 145011505373
1556308904922 145251897993 145011505373
1556308904936 145251897993 145011505373
1556308904944 145251897993 145011505373
1556308904954 145251897993 145011505373
1556308904962 145251897993 145011505373
1556308904970 145251897993 145011505373
1556308904978 145251897993 145011505373
1556308904986 145251897993 145011505373
1556308904994 145251897993 145011505373
1556308905001 145251897993 145011505373
1556308905009 145251897993 145011505373
1556308905017 145251897993 145011505373
1556308905025 145251897993 145011505373
1556308905033 145251897993 145011505373
1556308905041 145251897993 145011505373
1556308905049 145251897993 145011505373
1556308905058 145251897993 145011505373
1556308905067 145251897993 145011505373
1556308905075 145251897993 145011505373
1556308905083 145251897993 145011505373
1556308905091 145251897993 145011505373
1556308905178 145251897993 145011505373
1556308905315 145251897993 145011505373
1556308905454 145251898131 145011505467
1556308905591 145251898131 145011505467
1556308905731 145251898131 145011505467
1556308905870 145251898131 145011505467
1556308906008 145251898131 145011505467
1556308906177 145251898131 145011505467
1556308906334 145251898131 145011505467
1556308906512 145251959701 145011531969
1556308906682 145251959701 145011531969
1556308906809 145251959701 145011531969
1556308906990 145251959701 145011531969
1556308907153 145251959701 145011531969
1556308907281 145251959701 145011531969
1556308907438 145252030113 145011589734
1556308907574 145252030113 145011589734
1556308907731 145252030113 145011589734
1556308907871 145252030113 145011589734
1556308908034 145252030113 145011589734
1556308908188 145252030113 145011589734
1556308908328 145252030113 145011589734
1556308908488 145252091311 145011642112
1556308908620 145252091311 145011642112
1556308908765 145252091311 145011642112
1556308908904 145252091311 145011642112
1556308909058 145252091311 145011642112
1556308909197 145252091311 145011642112
1556308909321 145252091311 145011642112
1556308909445 145252157734 145011697481
1556308909590 145252157734 145011697481
1556308909716 145252157734 145011697481
1556308909833 145252157734 145011697481
1556308909975 145252157734 145011697481
1556308910105 145252157734 145011697481
1556308910229 145252157734 145011697481
1556308910353 145252157734 145011697481
1556308910477 145252236019 145011758789
1556308910597 145252236019 145011758789
1556308910725 145252236019 145011758789
1556308910849 145252236019 145011758789
1556308910974 145252236019 145011758789
1556308911108 145252236019 145011758789
1556308911232 145252236019 145011758789
1556308911365 145252236019 145011758789
1556308911498 145252306871 145011820799
1556308911653 145252306871 145011820799
1556308911779 145252306871 145011820799
1556308911913 145252306871 145011820799
1556308912041 145252306871 145011820799
1556308912174 145252306871 145011820799
1556308912306 145252306871 145011820799
1556308912409 145252306871 145011820799
1556308912563 145252493248 145013681801
1556308912717 145252493248 145013681801
1556308912888 145252493248 145013681801
1556308913059 145252493248 145013681801
1556308913220 145252493248 145013681801
1556308913369 145252493248 145013681801
1556308913555 145252753357 145017003025
1556308913706 145252753357 145017003025
1556308913832 145252753357 145017003025
1556308913980 145252753357 145017003025
1556308914134 145252753357 145017003025
1556308914286 145252753357 145017003025
1556308914445 145252872030 145017113314
1556308914624 145252872030 145017113314
1556308914766 145252872030 145017113314
1556308914904 145252872030 145017113314
1556308915056 145252872030 145017113314
1556308915232 145252872030 145017113314
1556308915399 145252872030 145017113314
1556308915525 145256357168 145020597209
1556308915658 145256357168 145020597209
1556308915822 145256357168 145020597209
1556308915956 145256357168 145020597209
1556308916130 145256357168 145020597209
1556308916319 145256357168 145020597209
1556308916486 145256509924 145020739822
1556308916652 145256509924 145020739822
1556308916803 145256509924 145020739822
1556308916963 145256509924 145020739822
1556308917123 145256509924 145020739822
1556308917273 145256509924 145020739822
1556308917410 145256509924 145020739822
1556308917576 145259962009 145024195348
1556308917729 145259962009 145024195348
1556308917855 145259962009 145024195348
1556308918030 145259962009 145024195348
1556308918207 145259962009 145024195348
1556308918352 145259962009 145024195348
1556308918485 145260119381 145024341964
1556308918644 145260119381 145024341964
1556308918784 145260119381 145024341964
1556308918935 145260119381 145024341964
1556308919072 145260119381 145024341964
1556308919191 145260119381 145024341964
1556308919353 145260119381 145024341964
1556308919498 145263575006 145027798443
1556308919651 145263575006 145027798443
1556308919844 145263575006 145027798443
1556308919999 145263575006 145027798443
1556308920181 145263575006 145027798443
1556308920349 145263575006 145027798443
1556308920541 145265150398 145029351825
1556308920721 145265150398 145029351825
1556308920860 145265150398 145029351825
1556308920998 145265150398 145029351825
1556308921162 145265150398 145029351825
1556308921308 145265150398 145029351825
1556308921434 145267193712 145031406632
1556308921646 145267193712 145031406632
1556308921803 145267193712 145031406632
1556308921964 145267193712 145031406632
1556308922131 145267193712 145031406632
1556308922284 145267193712 145031406632
1556308922442 145267193712 145031406632
1556308922581 145270303384 145034516900
1556308922714 145270303384 145034516900
1556308922873 145270303384 145034516900
1556308923048 145270303384 145034516900
1556308923175 145270303384 145034516900
1556308923351 145270303384 145034516900
1556308923518 145270907982 145035112436
1556308923665 145270907982 145035112436
1556308923792 145270907982 145035112436
1556308923935 145270907982 145035112436
1556308924089 145270907982 145035112436
1556308924246 145270907982 145035112436
1556308924401 145270907982 145035112436
1556308924526 145274360709 145038568372
1556308924696 145274360709 145038568372
1556308924831 145274360709 145038568372
1556308925011 145274360709 145038568372
1556308925191 145274360709 145038568372
1556308925319 145274360709 145038568372
1556308925461 145274360709 145038568372
1556308925624 145274520683 145038716285
1556308925753 145274520683 145038716285
1556308925900 145274520683 145038716285
1556308926070 145274520683 145038716285
1556308926207 145274520683 145038716285
1556308926366 145274520683 145038716285
1556308926522 145277978226 145042174171
1556308926649 145277978226 145042174171
1556308926853 145277978226 145042174171
1556308927014 145277978226 145042174171
1556308927143 145277978226 145042174171
1556308927284 145277978226 145042174171
1556308927460 145279236199 145043430812
1556308927632 145279236199 145043430812
1556308927748 145279236199 145043430812
1556308927876 145279236199 145043430812
1556308928022 145279236199 145043430812
1556308928196 145279236199 145043430812
1556308928322 145279236199 145043430812
1556308928499 145281679387 145045868444
1556308928675 145281679387 145045868444
1556308928818 145281679387 145045868444
1556308928950 145281679387 145045868444
1556308929094 145281679387 145045868444
1556308929253 145281679387 145045868444
1556308929416 145281679387 145045868444
1556308929557 145285137831 145049327497
1556308929690 145285137831 145049327497
1556308929868 145285137831 145049327497
1556308930003 145285137831 145049327497
1556308930170 145285137831 145049327497
1556308930375 145285137831 145049327497
1556308930520 145285295421 145049473066
1556308930663 145285295421 145049473066
1556308930812 145285295421 145049473066
1556308930960 145285295421 145049473066
1556308931120 145285295421 145049473066
1556308931258 145285295421 145049473066
1556308931406 145285295421 145049473066
1556308931566 145288754759 145052930528
1556308931701 145288754759 145052930528
1556308931867 145288754759 145052930528
1556308932041 145288754759 145052930528
1556308932180 145288754759 145052930528
1556308932319 145288754759 145052930528
1556308932502 145289201545 145053375545
1556308932646 145289201545 145053375545
1556308932829 145289201545 145053375545
1556308932964 145289201545 145053375545
1556308933103 145289201545 145053375545
1556308933275 145289201545 145053375545
1556308933409 145289201545 145053375545
1556308933563 145292380008 145056544720
1556308933756 145292380008 145056544720
1556308933933 145292380008 145056544720
1556308934068 145292380008 145056544720
1556308934198 145292380008 145056544720
1556308934341 145292380008 145056544720
1556308934492 145295420104 145059629298
1556308934654 145295420104 145059629298
1556308934790 145295420104 145059629298
1556308934943 145295420104 145059629298
1556308935097 145295420104 145059629298
1556308935233 145295420104 145059629298
1556308935384 145295420104 145059629298
1556308935557 145296068080 145060225274
1556308935720 145296068080 145060225274
1556308935885 145296068080 145060225274
1556308936036 145296068080 145060225274
1556308936178 145296068080 145060225274
1556308936326 145296068080 145060225274
1556308936466 145296068080 145060225274
1556308936604 145299519665 145063680190
1556308936773 145299519665 145063680190
1556308936916 145299519665 145063680190
1556308937048 145299519665 145063680190
1556308937218 145299519665 145063680190
1556308937412 145299519665 145063680190
1556308937551 145299677366 145063827272
1556308937657 145299677366 145063827272
1556308937795 145299677366 145063827272
1556308937937 145299677366 145063827272
1556308938088 145299677366 145063827272
1556308938213 145299677366 145063827272
1556308938352 145299677366 145063827272
1556308938516 145303127737 145067282812
1556308938651 145303127737 145067282812
1556308938787 145303127737 145067282812
1556308938988 145303127737 145067282812
1556308939132 145303127737 145067282812
1556308939280 145303127737 145067282812
1556308939407 145303127737 145067282812
1556308939536 145303590436 145067727451
1556308939684 145303590436 145067727451
1556308939823 145303590436 145067727451
1556308939962 145303590436 145067727451
1556308940082 145303590436 145067727451
1556308940267 145303590436 145067727451
1556308940403 145303590436 145067727451
1556308940567 145306752113 145070896948
1556308940747 145306752113 145070896948
1556308940889 145306752113 145070896948
1556308941057 145306752113 145070896948
1556308941211 145306752113 145070896948
1556308941349 145306752113 145070896948
1556308941489 145309836881 145073980730
1556308941629 145309836881 145073980730
1556308941765 145309836881 145073980730
1556308941924 145309836881 145073980730
1556308942086 145309836881 145073980730
1556308942220 145309836881 145073980730
1556308942383 145309836881 145073980730
1556308942534 145310447702 145074580857
1556308942676 145310447702 145074580857
1556308942819 145310447702 145074580857
1556308942960 145310447702 145074580857
1556308943092 145310447702 145074580857
1556308943244 145310447702 145074580857
1556308943380 145310447702 145074580857
1556308943516 145313906229 145078041998
1556308943688 145313906229 145078041998
1556308943825 145313906229 145078041998
1556308943952 145313906229 145078041998
1556308944166 145313906229 145078041998
1556308944306 145313906229 145078041998
1556308944434 145313906229 145078041998
1556308944567 145314068745 145078191362
1556308944707 145314068745 145078191362
1556308944888 145314068745 145078191362
1556308945026 145314068745 145078191362
1556308945174 145314068745 145078191362
1556308945324 145314068745 145078191362
1556308945490 145314068745 145078191362
1556308945622 145317523337 145081650614
1556308945799 145317523337 145081650614
1556308945994 145317523337 145081650614
1556308946142 145317523337 145081650614
1556308946282 145317523337 145081650614
1556308946438 145317523337 145081650614
1556308946619 145318989263 145083114211
1556308946791 145318989263 145083114211
1556308946928 145318989263 145083114211
1556308947037 145318989263 145083114211
1556308947200 145318989263 145083114211
1556308947335 145318989263 145083114211
1556308947483 145321148695 145085255462
1556308947668 145321148695 145085255462
1556308947797 145321148695 145085255462
1556308947939 145321148695 145085255462
1556308948095 145321148695 145085255462
1556308948244 145321148695 145085255462
1556308948418 145321148695 145085255462
1556308948560 145324274259 145088412810
1556308948698 145324274259 145088412810
1556308948857 145324274259 145088412810
1556308949021 145324274259 145088412810
1556308949157 145324274259 145088412810
1556308949326 145324274259 145088412810
1556308949533 145324826947 145088935101
1556308949672 145324826947 145088935101
1556308949813 145324826947 145088935101
1556308949950 145324826947 145088935101
1556308950099 145324826947 145088935101
1556308950238 145324826947 145088935101
1556308950388 145324826947 145088935101
1556308950526 145328277335 145092390699
1556308950693 145328277335 145092390699
1556308950827 145328277335 145092390699
1556308951005 145328277335 145092390699
1556308951186 145328277335 145092390699
1556308951342 145328277335 145092390699
1556308951494 145328277335 145092390699
1556308951639 145328437866 145092540239
1556308951823 145328437866 145092540239
1556308951971 145328437866 145092540239
1556308952118 145328437866 145092540239
1556308952256 145328437866 145092540239
1556308952421 145328437866 145092540239
1556308952557 145331892928 145095993487
1556308952693 145331892928 145095993487
1556308952880 145331892928 145095993487
1556308953048 145331892928 145095993487
1556308953175 145331892928 145095993487
1556308953328 145331892928 145095993487
1556308953490 145331892928 145095993487
1556308953639 145333144376 145097247065
1556308953803 145333144376 145097247065
1556308953936 145333144376 145097247065
1556308954067 145333144376 145097247065
1556308954244 145333144376 145097247065
1556308954380 145333144376 145097247065
1556308954548 145335589034 145099685709
1556308954703 145335589034 145099685709
1556308954847 145335589034 145099685709
1556308955001 145335589034 145099685709
1556308955141 145335589034 145099685709
1556308955306 145335589034 145099685709
1556308955446 145335589034 145099685709
1556308955595 145338924384 145103020818
1556308955731 145338924384 145103020818
1556308955907 145338924384 145103020818
1556308956048 145338924384 145103020818
1556308956206 145338924384 145103020818
1556308956365 145338924384 145103020818
1556308956494 145338924384 145103020818
1556308956621 145339236016 145103319264
1556308956759 145339236016 145103319264
1556308956917 145339236016 145103319264
1556308957055 145339236016 145103319264
1556308957223 145339236016 145103319264
1556308957361 145339236016 145103319264
1556308957519 145342694433 145106777646
1556308957666 145342694433 145106777646
1556308957800 145342694433 145106777646
1556308957960 145342694433 145106777646
1556308958138 145342694433 145106777646
1556308958281 145342694433 145106777646
1556308958452 145342694433 145106777646
1556308958612 145342864289 145106919547
1556308958764 145342864289 145106919547
1556308958947 145342864289 145106919547
1556308959110 145342864289 145106919547
1556308959269 145342864289 145106919547
1556308959427 145342864289 145106919547
1556308959563 145346301437 145110375340
1556308959702 145346301437 145110375340
1556308959929 145346301437 145110375340
1556308960081 145346301437 145110375340
1556308960219 145346301437 145110375340
1556308960424 145346301437 145110375340
1556308960621 145347865100 145111940650
1556308960753 145347865100 145111940650
1556308960901 145347865100 145111940650
1556308961067 145347865100 145111940650
1556308961211 145347865100 145111940650
1556308961346 145347865100 145111940650
1556308961540 145349992171 145114062098
1556308961670 145349992171 145114062098
1556308961801 145349992171 145114062098
1556308961936 145349992171 145114062098
1556308962081 145349992171 145114062098
1556308962264 145349992171 145114062098
1556308962408 145349992171 145114062098
1556308962551 145353450090 145117520111
1556308962678 145353450090 145117520111
1556308962843 145353450090 145117520111
1556308962977 145353450090 145117520111
1556308963144 145353450090 145117520111
1556308963319 145353450090 145117520111
1556308963462 145353450090 145117520111
1556308963594 145353603356 145117663645
1556308963725 145353603356 145117663645
1556308963859 145353603356 145117663645
1556308964035 145353603356 145117663645
1556308964178 145353603356 145117663645
1556308964316 145353603356 145117663645
1556308964483 145353603356 145117663645
1556308964639 145357055245 145121120294
1556308964775 145357055245 145121120294
1556308964955 145357055245 145121120294
1556308965118 145357055245 145121120294
1556308965238 145357055245 145121120294
1556308965437 145357055245 145121120294
1556308965595 145357893752 145121938752
1556308965756 145357893752 145121938752
1556308965929 145357893752 145121938752
1556308966057 145357893752 145121938752
1556308966195 145357893752 145121938752
1556308966366 145357893752 145121938752
1556308966501 145357893752 145121938752
1556308966656 145360671998 145124729900
1556308966821 145360671998 145124729900
1556308966962 145360671998 145124729900
1556308967097 145360671998 145124729900
1556308967279 145360671998 145124729900
1556308967440 145360671998 145124729900
1556308967591 145363756321 145127813125
1556308967750 145363756321 145127813125
1556308967887 145363756321 145127813125
1556308968056 145363756321 145127813125
1556308968220 145363756321 145127813125
1556308968370 145363756321 145127813125
1556308968561 145364356769 145128405467
1556308968700 145364356769 145128405467
1556308968830 145364356769 145128405467
1556308968983 145364356769 145128405467
1556308969169 145364356769 145128405467
1556308969324 145364356769 145128405467
1556308969471 145364356769 145128405467
1556308969613 145367815038 145131862554
1556308969772 145367815038 145131862554
1556308969936 145367815038 145131862554
1556308970067 145367815038 145131862554
1556308970234 145367815038 145131862554
1556308970426 145367815038 145131862554
1556308970590 145367969293 145132006858
1556308970723 145367969293 145132006858
1556308970861 145367969293 145132006858
1556308971039 145367969293 145132006858
1556308971169 145367969293 145132006858
1556308971320 145367969293 145132006858
1556308971446 145367969293 145132006858
1556308971606 145371422892 145135462179
1556308971738 145371422892 145135462179
1556308971874 145371422892 145135462179
1556308972065 145371422892 145135462179
1556308972236 145371422892 145135462179
1556308972379 145371422892 145135462179
1556308972533 145371422892 145135462179
1556308972669 145371744055 145135764836
1556308972811 145371744055 145135764836
1556308972973 145371744055 145135764836
1556308973122 145371744055 145135764836
1556308973270 145371744055 145135764836
1556308973433 145371744055 145135764836
1556308973583 145375035872 145139067283
1556308973740 145375035872 145139067283
1556308973898 145375035872 145139067283
1556308974061 145375035872 145139067283
1556308974207 145375035872 145139067283
1556308974334 145375035872 145139067283
1556308974505 145375035872 145139067283
1556308974673 145377642489 145141672228
1556308974800 145377642489 145141672228
1556308974935 145377642489 145141672228
1556308975113 145377642489 145141672228
1556308975257 145377642489 145141672228
1556308975412 145377642489 145141672228
1556308975587 145378736906 145142757787
1556308975729 145378736906 145142757787
1556308975900 145378736906 145142757787
1556308976040 145378736906 145142757787
1556308976192 145378736906 145142757787
1556308976315 145378736906 145142757787
1556308976461 145378736906 145142757787
1556308976600 145382195165 145146214921
1556308976743 145382195165 145146214921
1556308976921 145382195165 145146214921
1556308977056 145382195165 145146214921
1556308977224 145382195165 145146214921
1556308977427 145382195165 145146214921
1556308977587 145382352961 145146361688
1556308977750 145382352961 145146361688
1556308977917 145382352961 145146361688
1556308978077 145382352961 145146361688
1556308978225 145382352961 145146361688
1556308978352 145382352961 145146361688
1556308978477 145382352961 145146361688
1556308978648 145385803216 145149814773
1556308978791 145385803216 145149814773
1556308978941 145385803216 145149814773
1556308979117 145385803216 145149814773
1556308979273 145385803216 145149814773
1556308979424 145385803216 145149814773
1556308979563 145385803216 145149814773
1556308979734 145386011706 145150015998
1556308979915 145386011706 145150015998
1556308980068 145386011706 145150015998
1556308980206 145386011706 145150015998
1556308980376 145386011706 145150015998
1556308980503 145386011706 145150015998
1556308980638 145389426706 145153426808
1556308980844 145389426706 145153426808
1556308981002 145389426706 145153426808
1556308981188 145389426706 145153426808
1556308981354 145389426706 145153426808
1556308981503 145389426706 145153426808
1556308981690 145392037387 145156040181
1556308981881 145392037387 145156040181
1556308982023 145392037387 145156040181
1556308982183 145392037387 145156040181
1556308982351 145392037387 145156040181
1556308982478 145392037387 145156040181
1556308982695 145393081674 145157077027
1556308982857 145393081674 145157077027
1556308982984 145393081674 145157077027
1556308983174 145393081674 145157077027
1556308983313 145393081674 145157077027
1556308983462 145393081674 145157077027
1556308983632 145396575420 145160571380
1556308983790 145396575420 145160571380
1556308983949 145396575420 145160571380
1556308984096 145396575420 145160571380
1556308984231 145396575420 145160571380
1556308984408 145396575420 145160571380
1556308984557 145396575420 145160571380
1556308984689 145396727720 145160712437
1556308984828 145396727720 145160712437
1556308984953 145396727720 145160712437
1556308985087 145396727720 145160712437
1556308985257 145396727720 145160712437
1556308985407 145396727720 145160712437
1556308985544 145396727720 145160712437
1556308985718 145400182016 145164169005
1556308985852 145400182016 145164169005
1556308985985 145400182016 145164169005
1556308986184 145400182016 145164169005
1556308986326 145400182016 145164169005
1556308986466 145400182016 145164169005
1556308986606 145400338996 145164315230
1556308986755 145400338996 145164315230
1556308986911 145400338996 145164315230
1556308987056 145400338996 145164315230
1556308987193 145400338996 145164315230
1556308987363 145400338996 145164315230
1556308987512 145400338996 145164315230
1556308987638 145403797593 145167774893
1556308987846 145403797593 145167774893
1556308988014 145403797593 145167774893
1556308988179 145403797593 145167774893
1556308988320 145403797593 145167774893
1556308988451 145403797593 145167774893
1556308988595 145406863090 145170870125
1556308988725 145406863090 145170870125
1556308988863 145406863090 145170870125
1556308989023 145406863090 145170870125
1556308989181 145406863090 145170870125
1556308989317 145406863090 145170870125
1556308989475 145406863090 145170870125
1556308989657 145407499881 145171467124
1556308989826 145407499881 145171467124
1556308989969 145407499881 145171467124
1556308990126 145407499881 145171467124
1556308990297 145407499881 145171467124
1556308990483 145407499881 145171467124
1556308990608 145410955410 145174925929
1556308990744 145410955410 145174925929
1556308990917 145410955410 145174925929
1556308991049 145410955410 145174925929
1556308991175 145410955410 145174925929
1556308991359 145410955410 145174925929
1556308991503 145410955410 145174925929
1556308991643 145411109597 145175067995
1556308991782 145411109597 145175067995
1556308991924 145411109597 145175067995
1556308992070 145411109597 145175067995
1556308992200 145411109597 145175067995
1556308992337 145411109597 145175067995
1556308992496 145411109597 145175067995
1556308992656 145414567343 145178527049
1556308992792 145414567343 145178527049
1556308992990 145414567343 145178527049
1556308993153 145414567343 145178527049
1556308993294 145414567343 145178527049
1556308993425 145414567343 145178527049
1556308993583 145415516332 145179484610
1556308993762 145415516332 145179484610
1556308993901 145415516332 145179484610
1556308994035 145415516332 145179484610
1556308994184 145415516332 145179484610
1556308994341 145415516332 145179484610
1556308994476 145415516332 145179484610
1556308994655 145418218983 145182180451
1556308994812 145418218983 145182180451
1556308994970 145418218983 145182180451
1556308995119 145418218983 145182180451
1556308995270 145418218983 145182180451
1556308995449 145418218983 145182180451
1556308995625 145421271826 145185224061
1556308995759 145421271826 145185224061
1556308995896 145421271826 145185224061
1556308996059 145421271826 145185224061
1556308996195 145421271826 145185224061
1556308996322 145421271826 145185224061
1556308996526 145421271826 145185224061
1556308996681 145421883247 145185823577
1556308996812 145421883247 145185823577
1556308996949 145421883247 145185823577
1556308997076 145421883247 145185823577
1556308997232 145421883247 145185823577
1556308997401 145421883247 145185823577
1556308997538 145421883247 145185823577
1556308997669 145425339247 145189284602
1556308997850 145425339247 145189284602
1556308997976 145425339247 145189284602
1556308998159 145425339247 145189284602
1556308998331 145425339247 145189284602
1556308998476 145425339247 145189284602
1556308998604 145425499332 145189431730
1556308998771 145425499332 145189431730
1556308998916 145425499332 145189431730
1556308999079 145425499332 145189431730
1556308999219 145425499332 145189431730
1556308999360 145425499332 145189431730
1556308999520 145425499332 145189431730
1556308999647 145428958499 145192891816
1556308999808 145428958499 145192891816
1556308999984 145428958499 145192891816
1556309000164 145428958499 145192891816
1556309000358 145428958499 145192891816
1556309000549 145428958499 145192891816
1556309000696 145430638013 145194563074
1556309000847 145430638013 145194563074
1556309001028 145430638013 145194563074
1556309001164 145430638013 145194563074
1556309001312 145430638013 145194563074
1556309001493 145430638013 145194563074
1556309001631 145432568217 145196491611
1556309001823 145432568217 145196491611
1556309001981 145432568217 145196491611
1556309002121 145432568217 145196491611
1556309002262 145432568217 145196491611
1556309002424 145432568217 145196491611
1556309002593 145432568217 145196491611
1556309002730 145435651831 145199575137
1556309002868 145435651831 145199575137
1556309003005 145435651831 145199575137
1556309003178 145435651831 145199575137
1556309003313 145435651831 145199575137
1556309003467 145435651831 145199575137
1556309003647 145436254723 145200168537
1556309003810 145436254723 145200168537
1556309003947 145436254723 145200168537
1556309004092 145436254723 145200168537
1556309004229 145436254723 145200168537
1556309004395 145436254723 145200168537
1556309004546 145436254723 145200168537
1556309004707 145439711319 145203625548
1556309004878 145439711319 145203625548
1556309005020 145439711319 145203625548
1556309005146 145439711319 145203625548
1556309005313 145439711319 145203625548
1556309005507 145439711319 145203625548
1556309005679 145439869317 145203771936
1556309005829 145439869317 145203771936
1556309005971 145439869317 145203771936
1556309006131 145439869317 145203771936
1556309006270 145439869317 145203771936
1556309006417 145439869317 145203771936
1556309006543 145439869317 145203771936
1556309006693 145443319573 145207222356
1556309006827 145443319573 145207222356
1556309006991 145443319573 145207222356
1556309007137 145443319573 145207222356
1556309007279 145443319573 145207222356
1556309007429 145443319573 145207222356
1556309007622 145443528009 145207403788
1556309007767 145443528009 145207403788
1556309007939 145443528009 145207403788
1556309008081 145443528009 145207403788
1556309008209 145443528009 145207403788
1556309008343 145443528009 145207403788
1556309008489 145443528009 145207403788
1556309008622 145443528009 145207403788
1556309008773 145446938923 145210832934
1556309008938 145446938923 145210832934
1556309009091 145446938923 145210832934
1556309009224 145446938923 145210832934
1556309009370 145446938923 145210832934
1556309009519 145446938923 145210832934
1556309009690 145449758381 145213919892
1556309009831 145449758381 145213919892
1556309009976 145449758381 145213919892
1556309010135 145449758381 145213919892
1556309010296 145449758381 145213919892
1556309010422 145449758381 145213919892
1556309010624 145450627294 145214516545
1556309010796 145450627294 145214516545
1556309010939 145450627294 145214516545
1556309011097 145450627294 145214516545
1556309011246 145450627294 145214516545
1556309011391 145450627294 145214516545
1556309011530 145450627294 145214516545
1556309011655 145454084803 145217972798
1556309011782 145454084803 145217972798
1556309011950 145454084803 145217972798
1556309012076 145454084803 145217972798
1556309012223 145454084803 145217972798
1556309012404 145454084803 145217972798
1556309012525 145454084803 145217972798
1556309012666 145454243007 145218120096
1556309012809 145454243007 145218120096
1556309012947 145454243007 145218120096
1556309013105 145454243007 145218120096
1556309013247 145454243007 145218120096
1556309013383 145454243007 145218120096
1556309013526 145454243007 145218120096
1556309013677 145457698501 145221573735
1556309013821 145457698501 145221573735
1556309014010 145457698501 145221573735
1556309014164 145457698501 145221573735
1556309014291 145457698501 145221573735
1556309014421 145457698501 145221573735
1556309014570 145457698501 145221573735
1556309014749 145458799811 145222670204
1556309014890 145458799811 145222670204
1556309015069 145458799811 145222670204
1556309015205 145458799811 145222670204
1556309015369 145458799811 145222670204
1556309015505 145458799811 145222670204
1556309015665 145461362024 145225214580
1556309015836 145461362024 145225214580
1556309015984 145461362024 145225214580
1556309016180 145461362024 145225214580
1556309016354 145461362024 145225214580
1556309016540 145461362024 145225214580
1556309016696 145464415959 145228265321
1556309016826 145464415959 145228265321
1556309016964 145464415959 145228265321
1556309017134 145464415959 145228265321
1556309017277 145464415959 145228265321
1556309017411 145464415959 145228265321
1556309017570 145464415959 145228265321
1556309017739 145464997593 145228857342
1556309017899 145464997593 145228857342
1556309018037 145464997593 145228857342
1556309018209 145464997593 145228857342
1556309018382 145464997593 145228857342
1556309018542 145464997593 145228857342
1556309018694 145468454332 145232314889
1556309018833 145468454332 145232314889
1556309018987 145468454332 145232314889
1556309019128 145468454332 145232314889
1556309019286 145468454332 145232314889
1556309019478 145468454332 145232314889
1556309019642 145468454332 145232314889
1556309019784 145468607247 145232457439
1556309019969 145468607247 145232457439
1556309020146 145468607247 145232457439
1556309020320 145468607247 145232457439
1556309020468 145468607247 145232457439
1556309020605 145468607247 145232457439
1556309020787 145472065898 145235916288
1556309020922 145472065898 145235916288
1556309021085 145472065898 145235916288
1556309021264 145472065898 145235916288
1556309021418 145472065898 145235916288
1556309021549 145472065898 145235916288
1556309021679 145472211266 145236053533
1556309021857 145472211266 145236053533
1556309022035 145472211266 145236053533
1556309022214 145472211266 145236053533
1556309022365 145472211266 145236053533
1556309022513 145472211266 145236053533
1556309022674 145475668767 145239510992
1556309022810 145475668767 145239510992
1556309022997 145475668767 145239510992
1556309023171 145475668767 145239510992
1556309023318 145475668767 145239510992
1556309023462 145475668767 145239510992
1556309023593 145475668767 145239510992
1556309023758 145476616704 145240456971
1556309023946 145476616704 145240456971
1556309024092 145476616704 145240456971
1556309024229 145476616704 145240456971
1556309024400 145476616704 145240456971
1556309024535 145476616704 145240456971
1556309024674 145479278684 145243111753
1556309024859 145479278684 145243111753
1556309024994 145479278684 145243111753
1556309025173 145479278684 145243111753
1556309025316 145479278684 145243111753
1556309025495 145479278684 145243111753
1556309025668 145482354186 145246193071
1556309025796 145482354186 145246193071
1556309025935 145482354186 145246193071
1556309026078 145482354186 145246193071
1556309026240 145482354186 145246193071
1556309026374 145482354186 145246193071
1556309026546 145482354186 145246193071
1556309026736 145482979709 145246808660
1556309026927 145482979709 145246808660
1556309027103 145482979709 145246808660
1556309027243 145482979709 145246808660
1556309027394 145482979709 145246808660
1556309027550 145482979709 145246808660
1556309027677 145486434287 145250266598
1556309027814 145486434287 145250266598
1556309027984 145486434287 145250266598
1556309028119 145486434287 145250266598
1556309028254 145486434287 145250266598
1556309028454 145486434287 145250266598
1556309028620 145486434287 145250266598
1556309028749 145486585719 145250408447
1556309028887 145486585719 145250408447
1556309029015 145486585719 145250408447
1556309029184 145486585719 145250408447
1556309029326 145486585719 145250408447
1556309029473 145486585719 145250408447
1556309029624 145486585719 145250408447
1556309029774 145490041102 145253864512
1556309029909 145490041102 145253864512
1556309030062 145490041102 145253864512
1556309030227 145490041102 145253864512
1556309030357 145490041102 145253864512
1556309030531 145490041102 145253864512
1556309030649 145490041102 145253864512
