1 3.8
1 3.8
1 3.9
1 3.9
1 3.9
1 3.9
1 3.9
1 3.9
1 4.0
1 4.0
2 7.2
2 7.2
2 7.3
2 7.3
2 7.6
2 7.6
2 7.7
2 7.7
2 7.7
2 7.7
4 14.6
4 14.6
4 14.7
4 14.7
4 15.0
4 15.0
4 15.0
4 15.0
4 15.2
4 15.2
8 24.1
8 24.1
8 24.2
8 24.2
8 24.2
8 24.2
8 24.2
8 24.2
8 24.4
8 24.4
16 34.7
16 34.7
16 34.7
16 34.7
16 34.8
16 34.8
16 34.9
16 34.9
16 34.9
16 34.9
32 42.9
32 42.9
32 43.0
32 43.0
32 43.1
32 43.1
32 43.2
32 43.2
32 43.3
32 43.3
64 48.7
64 48.7
64 48.9
64 48.9
64 48.9
64 48.9
64 49.1
64 49.1
64 49.1
64 49.1
